    1 1.0000000000 1.0000000000 2.4494897428 22.0303 % 
    2 0.2500000000 1.2500000000 2.7386127875 12.8272 % 
    3 0.1111111111 1.3611111111 2.8577380332  9.0354 % 
    4 0.0625000000 1.4236111111 2.9226129861  6.9703 % 
    5 0.0400000000 1.4636111111 2.9633877010  5.6724 % 
    6 0.0277777778 1.4913888889 2.9913764947  4.7815 % 
    7 0.0204081633 1.5117970522 3.0117739478  4.1323 % 
    8 0.0156250000 1.5274220522 3.0272978567  3.6381 % 
    9 0.0123456790 1.5397677312 3.0395075896  3.2495 % 
   10 0.0100000000 1.5497677312 3.0493616360  2.9358 % 
   11 0.0082644628 1.5580321940 3.0574815067  2.6773 % 
   12 0.0069444444 1.5649766384 3.0642878178  2.4607 % 
   13 0.0059171598 1.5708937982 3.0700753719  2.2765 % 
   14 0.0051020408 1.5759958390 3.0750569156  2.1179 % 
   15 0.0044444444 1.5804402834 3.0793898260  1.9800 % 
   16 0.0039062500 1.5843465334 3.0831930203  1.8589 % 
   17 0.0034602076 1.5878067411 3.0865580258  1.7518 % 
   18 0.0030864198 1.5908931608 3.0895564350  1.6564 % 
   19 0.0027700831 1.5936632439 3.0922450523  1.5708 % 
   20 0.0025000000 1.5961632439 3.0946695241  1.4936 % 
   21 0.0022675737 1.5984308176 3.0968669499  1.4237 % 
   22 0.0020661157 1.6004969333 3.0988677932  1.3600 % 
   23 0.0018903592 1.6023872925 3.1006973014  1.3017 % 
   24 0.0017361111 1.6041234036 3.1023765764  1.2483 % 
   25 0.0016000000 1.6057234036 3.1039233917  1.1990 % 
   26 0.0014792899 1.6072026935 3.1053528239  1.1535 % 
   27 0.0013717421 1.6085744356 3.1066777454  1.1114 % 
   28 0.0012755102 1.6098499458 3.1079092128  1.0722 % 
   29 0.0011890606 1.6110390065 3.1090567764  1.0356 % 
   30 0.0011111111 1.6121501176 3.1101287281  1.0015 % 
   31 0.0010405827 1.6131907003 3.1111323022  0.9696 % 
   32 0.0009765625 1.6141672628 3.1120738386  0.9396 % 
   33 0.0009182736 1.6150855365 3.1129589170  0.9114 % 
   34 0.0008650519 1.6159505884 3.1137924674  0.8849 % 
   35 0.0008163265 1.6167669149 3.1145788623  0.8599 % 
   36 0.0007716049 1.6175385198 3.1153219928  0.8362 % 
   37 0.0007304602 1.6182689800 3.1160253337  0.8138 % 
   38 0.0006925208 1.6189615008 3.1166919971  0.7926 % 
   39 0.0006574622 1.6196189630 3.1173247790  0.7725 % 
   40 0.0006250000 1.6202439630 3.1179261983  0.7533 % 
   41 0.0005948840 1.6208388470 3.1184985301  0.7351 % 
   42 0.0005668934 1.6214057404 3.1190438347  0.7178 % 
   43 0.0005408329 1.6219465733 3.1195639823  0.7012 % 
   44 0.0005165289 1.6224631022 3.1200606746  0.6854 % 
   45 0.0004938272 1.6229569294 3.1205354631  0.6703 % 
   46 0.0004725898 1.6234295192 3.1209897653  0.6558 % 
   47 0.0004526935 1.6238822127 3.1214248792  0.6420 % 
   48 0.0004340278 1.6243162405 3.1218419952  0.6287 % 
   49 0.0004164931 1.6247327336 3.1222422074  0.6159 % 
   50 0.0004000000 1.6251327336 3.1226265229  0.6037 % 
   51 0.0003844675 1.6255172011 3.1229958704  0.5920 % 
   52 0.0003698225 1.6258870236 3.1233511077  0.5806 % 
   53 0.0003559986 1.6262430222 3.1236930280  0.5698 % 
   54 0.0003429355 1.6265859577 3.1240223665  0.5593 % 
   55 0.0003305785 1.6269165362 3.1243398050  0.5492 % 
   56 0.0003188776 1.6272354138 3.1246459772  0.5394 % 
   57 0.0003077870 1.6275432008 3.1249414722  0.5300 % 
   58 0.0002972652 1.6278404660 3.1252268391  0.5209 % 
   59 0.0002872738 1.6281277397 3.1255025897  0.5122 % 
   60 0.0002777778 1.6284055175 3.1257692021  0.5037 % 
   61 0.0002687450 1.6286742625 3.1260271232  0.4955 % 
   62 0.0002601457 1.6289344082 3.1262767710  0.4875 % 
   63 0.0002519526 1.6291863608 3.1265185374  0.4798 % 
   64 0.0002441406 1.6294305014 3.1267527898  0.4724 % 
   65 0.0002366864 1.6296671878 3.1269798731  0.4651 % 
   66 0.0002295684 1.6298967562 3.1272001115  0.4581 % 
   67 0.0002227668 1.6301195230 3.1274138098  0.4513 % 
   68 0.0002162630 1.6303357859 3.1276212552  0.4447 % 
   69 0.0002100399 1.6305458259 3.1278227180  0.4383 % 
   70 0.0002040816 1.6307499075 3.1280184534  0.4321 % 
   71 0.0001983733 1.6309482808 3.1282087023  0.4260 % 
   72 0.0001929012 1.6311411821 3.1283936920  0.4201 % 
   73 0.0001876525 1.6313288345 3.1285736378  0.4144 % 
   74 0.0001826150 1.6315114496 3.1287487431  0.4088 % 
   75 0.0001777778 1.6316892274 3.1289192006  0.4034 % 
   76 0.0001731302 1.6318623576 3.1290851930  0.3981 % 
   77 0.0001686625 1.6320310201 3.1292468935  0.3930 % 
   78 0.0001643655 1.6321953856 3.1294044663  0.3880 % 
   79 0.0001602307 1.6323556163 3.1295580675  0.3831 % 
   80 0.0001562500 1.6325118663 3.1297078455  0.3783 % 
   81 0.0001524158 1.6326642821 3.1298539411  0.3737 % 
   82 0.0001487210 1.6328130031 3.1299964886  0.3691 % 
   83 0.0001451589 1.6329581621 3.1301356157  0.3647 % 
   84 0.0001417234 1.6330998854 3.1302714439  0.3604 % 
   85 0.0001384083 1.6332382937 3.1304040893  0.3561 % 
   86 0.0001352082 1.6333735020 3.1305336625  0.3520 % 
   87 0.0001321178 1.6335056198 3.1306602688  0.3480 % 
   88 0.0001291322 1.6336347520 3.1307840092  0.3440 % 
   89 0.0001262467 1.6337609987 3.1309049798  0.3402 % 
   90 0.0001234568 1.6338844555 3.1310232725  0.3364 % 
   91 0.0001207584 1.6340052139 3.1311389754  0.3328 % 
   92 0.0001181474 1.6341233613 3.1312521725  0.3291 % 
   93 0.0001156203 1.6342389816 3.1313629444  0.3256 % 
   94 0.0001131734 1.6343521550 3.1314713682  0.3222 % 
   95 0.0001108033 1.6344629583 3.1315775178  0.3188 % 
   96 0.0001085069 1.6345714653 3.1316814640  0.3155 % 
   97 0.0001062812 1.6346777465 3.1317832746  0.3122 % 
   98 0.0001041233 1.6347818698 3.1318830148  0.3091 % 
   99 0.0001020304 1.6348839002 3.1319807472  0.3060 % 
  100 0.0001000000 1.6349839002 3.1320765318  0.3029 % 
  101 0.0000980296 1.6350819298 3.1321704262  0.2999 % 
  102 0.0000961169 1.6351780467 3.1322624858  0.2970 % 
  103 0.0000942596 1.6352723063 3.1323527639  0.2941 % 
  104 0.0000924556 1.6353647619 3.1324413117  0.2913 % 
  105 0.0000907029 1.6354554648 3.1325281785  0.2885 % 
  106 0.0000889996 1.6355444645 3.1326134116  0.2858 % 
  107 0.0000873439 1.6356318083 3.1326970569  0.2832 % 
  108 0.0000857339 1.6357175422 3.1327791581  0.2805 % 
  109 0.0000841680 1.6358017102 3.1328597577  0.2780 % 
  110 0.0000826446 1.6358843549 3.1329388965  0.2755 % 
  111 0.0000811622 1.6359655171 3.1330166138  0.2730 % 
  112 0.0000797194 1.6360452365 3.1330929477  0.2706 % 
  113 0.0000783147 1.6361235512 3.1331679347  0.2682 % 
  114 0.0000769468 1.6362004979 3.1332416101  0.2658 % 
  115 0.0000756144 1.6362761123 3.1333140081  0.2635 % 
  116 0.0000743163 1.6363504286 3.1333851617  0.2613 % 
  117 0.0000730514 1.6364234799 3.1334551025  0.2590 % 
  118 0.0000718184 1.6364952984 3.1335238614  0.2568 % 
  119 0.0000706165 1.6365659148 3.1335914681  0.2547 % 
  120 0.0000694444 1.6366353593 3.1336579513  0.2526 % 
  121 0.0000683013 1.6367036606 3.1337233387  0.2505 % 
  122 0.0000671862 1.6367708469 3.1337876573  0.2484 % 
  123 0.0000660982 1.6368369451 3.1338509330  0.2464 % 
  124 0.0000650364 1.6369019815 3.1339131911  0.2444 % 
  125 0.0000640000 1.6369659815 3.1339744557  0.2425 % 
  126 0.0000629882 1.6370289697 3.1340347506  0.2406 % 
  127 0.0000620001 1.6370909698 3.1340940986  0.2387 % 
  128 0.0000610352 1.6371520050 3.1341525218  0.2368 % 
  129 0.0000600925 1.6372120975 3.1342100416  0.2350 % 
  130 0.0000591716 1.6372712691 3.1342666789  0.2332 % 
  131 0.0000582717 1.6373295408 3.1343224538  0.2314 % 
  132 0.0000573921 1.6373869329 3.1343773859  0.2297 % 
  133 0.0000565323 1.6374434652 3.1344314941  0.2279 % 
  134 0.0000556917 1.6374991569 3.1344847968  0.2263 % 
  135 0.0000548697 1.6375540265 3.1345373118  0.2246 % 
  136 0.0000540657 1.6376080923 3.1345890566  0.2229 % 
  137 0.0000532793 1.6376613716 3.1346400479  0.2213 % 
  138 0.0000525100 1.6377138816 3.1346903020  0.2197 % 
  139 0.0000517572 1.6377656388 3.1347398349  0.2181 % 
  140 0.0000510204 1.6378166592 3.1347886619  0.2166 % 
  141 0.0000502993 1.6378669585 3.1348367981  0.2150 % 
  142 0.0000495933 1.6379165518 3.1348842579  0.2135 % 
  143 0.0000489021 1.6379654539 3.1349310556  0.2120 % 
  144 0.0000482253 1.6380136792 3.1349772049  0.2106 % 
  145 0.0000475624 1.6380612417 3.1350227192  0.2091 % 
  146 0.0000469131 1.6381081548 3.1350676115  0.2077 % 
  147 0.0000462770 1.6381544318 3.1351118945  0.2063 % 
  148 0.0000456538 1.6382000856 3.1351555804  0.2049 % 
  149 0.0000450430 1.6382451286 3.1351986813  0.2035 % 
  150 0.0000444444 1.6382895730 3.1352412089  0.2022 % 
  151 0.0000438577 1.6383334307 3.1352831745  0.2008 % 
  152 0.0000432825 1.6383767133 3.1353245892  0.1995 % 
  153 0.0000427186 1.6384194319 3.1353654638  0.1982 % 
  154 0.0000421656 1.6384615975 3.1354058087  0.1969 % 
  155 0.0000416233 1.6385032208 3.1354456342  0.1957 % 
  156 0.0000410914 1.6385443122 3.1354849503  0.1944 % 
  157 0.0000405696 1.6385848818 3.1355237666  0.1932 % 
  158 0.0000400577 1.6386249395 3.1355620927  0.1920 % 
  159 0.0000395554 1.6386644949 3.1355999377  0.1908 % 
  160 0.0000390625 1.6387035574 3.1356373107  0.1896 % 
  161 0.0000385788 1.6387421362 3.1356742205  0.1884 % 
  162 0.0000381039 1.6387802401 3.1357106755  0.1872 % 
  163 0.0000376378 1.6388178780 3.1357466842  0.1861 % 
  164 0.0000371802 1.6388550582 3.1357822548  0.1850 % 
  165 0.0000367309 1.6388917892 3.1358173950  0.1838 % 
  166 0.0000362897 1.6389280789 3.1358521128  0.1827 % 
  167 0.0000358564 1.6389639353 3.1358864157  0.1816 % 
  168 0.0000354308 1.6389993662 3.1359203110  0.1806 % 
  169 0.0000350128 1.6390343789 3.1359538060  0.1795 % 
  170 0.0000346021 1.6390689810 3.1359869078  0.1784 % 
  171 0.0000341986 1.6391031796 3.1360196233  0.1774 % 
  172 0.0000338021 1.6391369816 3.1360519590  0.1764 % 
  173 0.0000334124 1.6391703940 3.1360839217  0.1753 % 
  174 0.0000330295 1.6392034235 3.1361155178  0.1743 % 
  175 0.0000326531 1.6392360766 3.1361467535  0.1733 % 
  176 0.0000322831 1.6392683596 3.1361776349  0.1724 % 
  177 0.0000319193 1.6393002789 3.1362081681  0.1714 % 
  178 0.0000315617 1.6393318406 3.1362383589  0.1704 % 
  179 0.0000312100 1.6393630506 3.1362682130  0.1695 % 
  180 0.0000308642 1.6393939148 3.1362977360  0.1685 % 
  181 0.0000305241 1.6394244389 3.1363269334  0.1676 % 
  182 0.0000301896 1.6394546285 3.1363558107  0.1667 % 
  183 0.0000298606 1.6394844891 3.1363843729  0.1658 % 
  184 0.0000295369 1.6395140259 3.1364126252  0.1649 % 
  185 0.0000292184 1.6395432443 3.1364405727  0.1640 % 
  186 0.0000289051 1.6395721494 3.1364682202  0.1631 % 
  187 0.0000285968 1.6396007462 3.1364955726  0.1622 % 
  188 0.0000282933 1.6396290395 3.1365226345  0.1614 % 
  189 0.0000279947 1.6396570342 3.1365494106  0.1605 % 
  190 0.0000277008 1.6396847351 3.1365759054  0.1597 % 
  191 0.0000274115 1.6397121466 3.1366021233  0.1589 % 
  192 0.0000271267 1.6397392733 3.1366280685  0.1580 % 
  193 0.0000268464 1.6397661197 3.1366537453  0.1572 % 
  194 0.0000265703 1.6397926900 3.1366791580  0.1564 % 
  195 0.0000262985 1.6398189885 3.1367043104  0.1556 % 
  196 0.0000260308 1.6398450193 3.1367292066  0.1548 % 
  197 0.0000257672 1.6398707865 3.1367538506  0.1540 % 
  198 0.0000255076 1.6398962941 3.1367782460  0.1532 % 
  199 0.0000252519 1.6399215460 3.1368023967  0.1525 % 
  200 0.0000250000 1.6399465460 3.1368263063  0.1517 % 
  201 0.0000247519 1.6399712979 3.1368499784  0.1510 % 
  202 0.0000245074 1.6399958053 3.1368734166  0.1502 % 
  203 0.0000242665 1.6400200718 3.1368966242  0.1495 % 
  204 0.0000240292 1.6400441010 3.1369196047  0.1487 % 
  205 0.0000237954 1.6400678964 3.1369423613  0.1480 % 
  206 0.0000235649 1.6400914613 3.1369648974  0.1473 % 
  207 0.0000233378 1.6401147991 3.1369872162  0.1466 % 
  208 0.0000231139 1.6401379130 3.1370093206  0.1459 % 
  209 0.0000228932 1.6401608062 3.1370312140  0.1452 % 
  210 0.0000226757 1.6401834820 3.1370528991  0.1445 % 
  211 0.0000224613 1.6402059433 3.1370743790  0.1438 % 
  212 0.0000222499 1.6402281932 3.1370956567  0.1431 % 
  213 0.0000220415 1.6402502347 3.1371167348  0.1425 % 
  214 0.0000218360 1.6402720706 3.1371376163  0.1418 % 
  215 0.0000216333 1.6402937039 3.1371583039  0.1411 % 
  216 0.0000214335 1.6403151374 3.1371788002  0.1405 % 
  217 0.0000212364 1.6403363738 3.1371991079  0.1399 % 
  218 0.0000210420 1.6403574158 3.1372192296  0.1392 % 
  219 0.0000208503 1.6403782661 3.1372391679  0.1386 % 
  220 0.0000206612 1.6403989272 3.1372589251  0.1379 % 
  221 0.0000204746 1.6404194018 3.1372785039  0.1373 % 
  222 0.0000202906 1.6404396924 3.1372979065  0.1367 % 
  223 0.0000201090 1.6404598014 3.1373171354  0.1361 % 
  224 0.0000199298 1.6404797312 3.1373361929  0.1355 % 
  225 0.0000197531 1.6404994843 3.1373550813  0.1349 % 
  226 0.0000195787 1.6405190630 3.1373738027  0.1343 % 
  227 0.0000194065 1.6405384695 3.1373923595  0.1337 % 
  228 0.0000192367 1.6405577062 3.1374107537  0.1331 % 
  229 0.0000190690 1.6405767753 3.1374289875  0.1325 % 
  230 0.0000189036 1.6405956789 3.1374470630  0.1320 % 
  231 0.0000187403 1.6406144191 3.1374649822  0.1314 % 
  232 0.0000185791 1.6406329982 3.1374827472  0.1308 % 
  233 0.0000184199 1.6406514181 3.1375003600  0.1303 % 
  234 0.0000182628 1.6406696810 3.1375178224  0.1297 % 
  235 0.0000181077 1.6406877887 3.1375351364  0.1292 % 
  236 0.0000179546 1.6407057433 3.1375523040  0.1286 % 
  237 0.0000178034 1.6407235468 3.1375693268  0.1281 % 
  238 0.0000176541 1.6407412009 3.1375862068  0.1275 % 
  239 0.0000175067 1.6407587076 3.1376029458  0.1270 % 
  240 0.0000173611 1.6407760687 3.1376195455  0.1265 % 
  241 0.0000172173 1.6407932860 3.1376360076  0.1259 % 
  242 0.0000170753 1.6408103614 3.1376523338  0.1254 % 
  243 0.0000169351 1.6408272964 3.1376685259  0.1249 % 
  244 0.0000167966 1.6408440930 3.1376845855  0.1244 % 
  245 0.0000166597 1.6408607527 3.1377005141  0.1239 % 
  246 0.0000165246 1.6408772773 3.1377163134  0.1234 % 
  247 0.0000163910 1.6408936683 3.1377319850  0.1229 % 
  248 0.0000162591 1.6409099274 3.1377475304  0.1224 % 
  249 0.0000161288 1.6409260562 3.1377629511  0.1219 % 
  250 0.0000160000 1.6409420562 3.1377782486  0.1214 % 
  251 0.0000158728 1.6409579289 3.1377934243  0.1209 % 
  252 0.0000157470 1.6409736760 3.1378084798  0.1205 % 
  253 0.0000156228 1.6409892988 3.1378234164  0.1200 % 
  254 0.0000155000 1.6410047988 3.1378382356  0.1195 % 
  255 0.0000153787 1.6410201775 3.1378529387  0.1190 % 
  256 0.0000152588 1.6410354363 3.1378675271  0.1186 % 
  257 0.0000151403 1.6410505766 3.1378820022  0.1181 % 
  258 0.0000150231 1.6410655997 3.1378963651  0.1177 % 
  259 0.0000149074 1.6410805071 3.1379106173  0.1172 % 
  260 0.0000147929 1.6410953000 3.1379247601  0.1168 % 
  261 0.0000146798 1.6411099797 3.1379387946  0.1163 % 
  262 0.0000145679 1.6411245476 3.1379527221  0.1159 % 
  263 0.0000144573 1.6411390050 3.1379665438  0.1154 % 
  264 0.0000143480 1.6411533530 3.1379802609  0.1150 % 
  265 0.0000142399 1.6411675930 3.1379938747  0.1146 % 
  266 0.0000141331 1.6411817260 3.1380073863  0.1141 % 
  267 0.0000140274 1.6411957534 3.1380207967  0.1137 % 
  268 0.0000139229 1.6412096764 3.1380341072  0.1133 % 
  269 0.0000138196 1.6412234960 3.1380473189  0.1129 % 
  270 0.0000137174 1.6412372134 3.1380604329  0.1124 % 
  271 0.0000136164 1.6412508298 3.1380734502  0.1120 % 
  272 0.0000135164 1.6412643462 3.1380863718  0.1116 % 
  273 0.0000134176 1.6412777638 3.1380991990  0.1112 % 
  274 0.0000133198 1.6412910836 3.1381119326  0.1108 % 
  275 0.0000132231 1.6413043068 3.1381245738  0.1104 % 
  276 0.0000131275 1.6413174343 3.1381371234  0.1100 % 
  277 0.0000130329 1.6413304671 3.1381495826  0.1096 % 
  278 0.0000129393 1.6413434064 3.1381619523  0.1092 % 
  279 0.0000128467 1.6413562531 3.1381742333  0.1088 % 
  280 0.0000127551 1.6413690082 3.1381864268  0.1084 % 
  281 0.0000126645 1.6413816727 3.1381985336  0.1080 % 
  282 0.0000125748 1.6413942475 3.1382105546  0.1077 % 
  283 0.0000124861 1.6414067336 3.1382224908  0.1073 % 
  284 0.0000123983 1.6414191320 3.1382343430  0.1069 % 
  285 0.0000123115 1.6414314435 3.1382461122  0.1065 % 
  286 0.0000122255 1.6414436690 3.1382577992  0.1062 % 
  287 0.0000121405 1.6414558095 3.1382694048  0.1058 % 
  288 0.0000120563 1.6414678658 3.1382809299  0.1054 % 
  289 0.0000119730 1.6414798388 3.1382923753  0.1051 % 
  290 0.0000118906 1.6414917295 3.1383037419  0.1047 % 
  291 0.0000118090 1.6415035385 3.1383150305  0.1043 % 
  292 0.0000117283 1.6415152668 3.1383262419  0.1040 % 
  293 0.0000116484 1.6415269151 3.1383373768  0.1036 % 
  294 0.0000115693 1.6415384844 3.1383484361  0.1033 % 
  295 0.0000114910 1.6415499753 3.1383594205  0.1029 % 
  296 0.0000114134 1.6415613888 3.1383703307  0.1026 % 
  297 0.0000113367 1.6415727255 3.1383811676  0.1022 % 
  298 0.0000112608 1.6415839862 3.1383919318  0.1019 % 
  299 0.0000111856 1.6415951718 3.1384026241  0.1015 % 
  300 0.0000111111 1.6416062829 3.1384132452  0.1012 % 
  301 0.0000110374 1.6416173203 3.1384237958  0.1009 % 
  302 0.0000109644 1.6416282847 3.1384342766  0.1005 % 
  303 0.0000108922 1.6416391769 3.1384446883  0.1002 % 
  304 0.0000108206 1.6416499976 3.1384550316  0.0999 % 
  305 0.0000107498 1.6416607473 3.1384653071  0.0995 % 
  306 0.0000106797 1.6416714270 3.1384755156  0.0992 % 
  307 0.0000106102 1.6416820372 3.1384856576  0.0989 % 
  308 0.0000105414 1.6416925786 3.1384957339  0.0986 % 
  309 0.0000104733 1.6417030519 3.1385057450  0.0983 % 
  310 0.0000104058 1.6417134577 3.1385156916  0.0979 % 
  311 0.0000103390 1.6417237967 3.1385255743  0.0976 % 
  312 0.0000102728 1.6417340696 3.1385353937  0.0973 % 
  313 0.0000102073 1.6417442769 3.1385451504  0.0970 % 
  314 0.0000101424 1.6417544193 3.1385548451  0.0967 % 
  315 0.0000100781 1.6417644974 3.1385644783  0.0964 % 
  316 0.0000100144 1.6417745118 3.1385740506  0.0961 % 
  317 0.0000099513 1.6417844632 3.1385835625  0.0958 % 
  318 0.0000098888 1.6417943520 3.1385930147  0.0955 % 
  319 0.0000098269 1.6418041789 3.1386024077  0.0952 % 
  320 0.0000097656 1.6418139446 3.1386117421  0.0949 % 
  321 0.0000097049 1.6418236494 3.1386210183  0.0946 % 
  322 0.0000096447 1.6418332941 3.1386302370  0.0943 % 
  323 0.0000095851 1.6418428792 3.1386393987  0.0940 % 
  324 0.0000095260 1.6418524052 3.1386485039  0.0937 % 
  325 0.0000094675 1.6418618726 3.1386575531  0.0934 % 
  326 0.0000094095 1.6418712821 3.1386665469  0.0931 % 
  327 0.0000093520 1.6418806341 3.1386754857  0.0929 % 
  328 0.0000092951 1.6418899292 3.1386843701  0.0926 % 
  329 0.0000092386 1.6418991678 3.1386932005  0.0923 % 
  330 0.0000091827 1.6419083505 3.1387019775  0.0920 % 
  331 0.0000091273 1.6419174779 3.1387107014  0.0917 % 
  332 0.0000090724 1.6419265503 3.1387193729  0.0915 % 
  333 0.0000090180 1.6419355683 3.1387279924  0.0912 % 
  334 0.0000089641 1.6419445325 3.1387365603  0.0909 % 
  335 0.0000089107 1.6419534431 3.1387450771  0.0906 % 
  336 0.0000088577 1.6419623008 3.1387535432  0.0904 % 
  337 0.0000088052 1.6419711061 3.1387619592  0.0901 % 
  338 0.0000087532 1.6419798592 3.1387703254  0.0898 % 
  339 0.0000087016 1.6419885609 3.1387786423  0.0896 % 
  340 0.0000086505 1.6419972114 3.1387869103  0.0893 % 
  341 0.0000085999 1.6420058113 3.1387951299  0.0890 % 
  342 0.0000085496 1.6420143609 3.1388033015  0.0888 % 
  343 0.0000084999 1.6420228608 3.1388114254  0.0885 % 
  344 0.0000084505 1.6420313113 3.1388195022  0.0883 % 
  345 0.0000084016 1.6420397129 3.1388275322  0.0880 % 
  346 0.0000083531 1.6420480660 3.1388355159  0.0878 % 
  347 0.0000083050 1.6420563710 3.1388434536  0.0875 % 
  348 0.0000082574 1.6420646284 3.1388513457  0.0873 % 
  349 0.0000082101 1.6420728385 3.1388591926  0.0870 % 
  350 0.0000081633 1.6420810017 3.1388669947  0.0868 % 
  351 0.0000081168 1.6420891186 3.1388747524  0.0865 % 
  352 0.0000080708 1.6420971893 3.1388824661  0.0863 % 
  353 0.0000080251 1.6421052144 3.1388901361  0.0860 % 
  354 0.0000079798 1.6421131942 3.1388977628  0.0858 % 
  355 0.0000079349 1.6421211292 3.1389053466  0.0855 % 
  356 0.0000078904 1.6421290196 3.1389128879  0.0853 % 
  357 0.0000078463 1.6421368659 3.1389203869  0.0851 % 
  358 0.0000078025 1.6421446684 3.1389278441  0.0848 % 
  359 0.0000077591 1.6421524275 3.1389352597  0.0846 % 
  360 0.0000077160 1.6421601435 3.1389426343  0.0844 % 
  361 0.0000076734 1.6421678169 3.1389499680  0.0841 % 
  362 0.0000076310 1.6421754479 3.1389572612  0.0839 % 
  363 0.0000075890 1.6421830369 3.1389645142  0.0837 % 
  364 0.0000075474 1.6421905843 3.1389717275  0.0834 % 
  365 0.0000075061 1.6421980904 3.1389789013  0.0832 % 
  366 0.0000074651 1.6422055556 3.1389860359  0.0830 % 
  367 0.0000074245 1.6422129801 3.1389931317  0.0827 % 
  368 0.0000073842 1.6422203643 3.1390001889  0.0825 % 
  369 0.0000073442 1.6422277086 3.1390072079  0.0823 % 
  370 0.0000073046 1.6422350132 3.1390141890  0.0821 % 
  371 0.0000072653 1.6422422784 3.1390211326  0.0819 % 
  372 0.0000072263 1.6422495047 3.1390280388  0.0816 % 
  373 0.0000071876 1.6422566923 3.1390349080  0.0814 % 
  374 0.0000071492 1.6422638415 3.1390417405  0.0812 % 
  375 0.0000071111 1.6422709526 3.1390485367  0.0810 % 
  376 0.0000070733 1.6422780259 3.1390552967  0.0808 % 
  377 0.0000070359 1.6422850618 3.1390620208  0.0806 % 
  378 0.0000069987 1.6422920605 3.1390687095  0.0803 % 
  379 0.0000069618 1.6422990223 3.1390753628  0.0801 % 
  380 0.0000069252 1.6423059475 3.1390819812  0.0799 % 
  381 0.0000068889 1.6423128364 3.1390885649  0.0797 % 
  382 0.0000068529 1.6423196893 3.1390951141  0.0795 % 
  383 0.0000068171 1.6423265064 3.1391016292  0.0793 % 
  384 0.0000067817 1.6423332881 3.1391081104  0.0791 % 
  385 0.0000067465 1.6423400346 3.1391145579  0.0789 % 
  386 0.0000067116 1.6423467462 3.1391209720  0.0787 % 
  387 0.0000066769 1.6423534231 3.1391273531  0.0785 % 
  388 0.0000066426 1.6423600657 3.1391337012  0.0783 % 
  389 0.0000066085 1.6423666742 3.1391400168  0.0781 % 
  390 0.0000065746 1.6423732488 3.1391463000  0.0779 % 
  391 0.0000065410 1.6423797898 3.1391525511  0.0777 % 
  392 0.0000065077 1.6423862975 3.1391587703  0.0775 % 
  393 0.0000064746 1.6423927722 3.1391649579  0.0773 % 
  394 0.0000064418 1.6423992140 3.1391711141  0.0771 % 
  395 0.0000064092 1.6424056232 3.1391772392  0.0769 % 
  396 0.0000063769 1.6424120001 3.1391833334  0.0767 % 
  397 0.0000063448 1.6424183449 3.1391893969  0.0765 % 
  398 0.0000063130 1.6424246579 3.1391954299  0.0763 % 
  399 0.0000062814 1.6424309392 3.1392014328  0.0761 % 
  400 0.0000062500 1.6424371892 3.1392074056  0.0759 % 
  401 0.0000062189 1.6424434081 3.1392133487  0.0757 % 
  402 0.0000061880 1.6424495961 3.1392192622  0.0755 % 
  403 0.0000061573 1.6424557534 3.1392251465  0.0754 % 
  404 0.0000061269 1.6424618802 3.1392310016  0.0752 % 
  405 0.0000060966 1.6424679769 3.1392368278  0.0750 % 
  406 0.0000060666 1.6424740435 3.1392426254  0.0748 % 
  407 0.0000060369 1.6424800803 3.1392483945  0.0746 % 
  408 0.0000060073 1.6424860877 3.1392541353  0.0744 % 
  409 0.0000059780 1.6424920656 3.1392598481  0.0743 % 
  410 0.0000059488 1.6424980145 3.1392655330  0.0741 % 
  411 0.0000059199 1.6425039344 3.1392711903  0.0739 % 
  412 0.0000058912 1.6425098256 3.1392768202  0.0737 % 
  413 0.0000058627 1.6425156883 3.1392824228  0.0735 % 
  414 0.0000058344 1.6425215228 3.1392879984  0.0734 % 
  415 0.0000058064 1.6425273291 3.1392935471  0.0732 % 
  416 0.0000057785 1.6425331076 3.1392990692  0.0730 % 
  417 0.0000057508 1.6425388584 3.1393045648  0.0728 % 
  418 0.0000057233 1.6425445817 3.1393100341  0.0727 % 
  419 0.0000056960 1.6425502778 3.1393154774  0.0725 % 
  420 0.0000056689 1.6425559467 3.1393208947  0.0723 % 
  421 0.0000056420 1.6425615887 3.1393262864  0.0721 % 
  422 0.0000056153 1.6425672040 3.1393316525  0.0720 % 
  423 0.0000055888 1.6425727929 3.1393369932  0.0718 % 
  424 0.0000055625 1.6425783553 3.1393423088  0.0716 % 
  425 0.0000055363 1.6425838917 3.1393475994  0.0715 % 
  426 0.0000055104 1.6425894020 3.1393528652  0.0713 % 
  427 0.0000054846 1.6425948866 3.1393581063  0.0711 % 
  428 0.0000054590 1.6426003456 3.1393633230  0.0710 % 
  429 0.0000054336 1.6426057792 3.1393685153  0.0708 % 
  430 0.0000054083 1.6426111875 3.1393736836  0.0706 % 
  431 0.0000053833 1.6426165708 3.1393788278  0.0705 % 
  432 0.0000053584 1.6426219291 3.1393839483  0.0703 % 
  433 0.0000053336 1.6426272628 3.1393890451  0.0701 % 
  434 0.0000053091 1.6426325719 3.1393941185  0.0700 % 
  435 0.0000052847 1.6426378566 3.1393991686  0.0698 % 
  436 0.0000052605 1.6426431171 3.1394041955  0.0697 % 
  437 0.0000052365 1.6426483536 3.1394091994  0.0695 % 
  438 0.0000052126 1.6426535661 3.1394141805  0.0693 % 
  439 0.0000051888 1.6426587550 3.1394191389  0.0692 % 
  440 0.0000051653 1.6426639203 3.1394240748  0.0690 % 
  441 0.0000051419 1.6426690622 3.1394289884  0.0689 % 
  442 0.0000051187 1.6426741808 3.1394338797  0.0687 % 
  443 0.0000050956 1.6426792764 3.1394387489  0.0686 % 
  444 0.0000050726 1.6426843490 3.1394435963  0.0684 % 
  445 0.0000050499 1.6426893989 3.1394484218  0.0683 % 
  446 0.0000050272 1.6426944261 3.1394532258  0.0681 % 
  447 0.0000050048 1.6426994309 3.1394580082  0.0679 % 
  448 0.0000049825 1.6427044134 3.1394627694  0.0678 % 
  449 0.0000049603 1.6427093737 3.1394675093  0.0676 % 
  450 0.0000049383 1.6427143119 3.1394722282  0.0675 % 
  451 0.0000049164 1.6427192283 3.1394769262  0.0673 % 
  452 0.0000048947 1.6427241230 3.1394816034  0.0672 % 
  453 0.0000048731 1.6427289961 3.1394862600  0.0670 % 
  454 0.0000048516 1.6427338477 3.1394908960  0.0669 % 
  455 0.0000048303 1.6427386780 3.1394955117  0.0668 % 
  456 0.0000048092 1.6427434872 3.1395001072  0.0666 % 
  457 0.0000047881 1.6427482754 3.1395046826  0.0665 % 
  458 0.0000047673 1.6427530426 3.1395092380  0.0663 % 
  459 0.0000047465 1.6427577891 3.1395137736  0.0662 % 
  460 0.0000047259 1.6427625150 3.1395182895  0.0660 % 
  461 0.0000047054 1.6427672205 3.1395227858  0.0659 % 
  462 0.0000046851 1.6427719055 3.1395272627  0.0657 % 
  463 0.0000046649 1.6427765704 3.1395317202  0.0656 % 
  464 0.0000046448 1.6427812152 3.1395361586  0.0655 % 
  465 0.0000046248 1.6427858400 3.1395405778  0.0653 % 
  466 0.0000046050 1.6427904449 3.1395449781  0.0652 % 
  467 0.0000045853 1.6427950302 3.1395493596  0.0650 % 
  468 0.0000045657 1.6427995959 3.1395537224  0.0649 % 
  469 0.0000045463 1.6428041422 3.1395580665  0.0648 % 
  470 0.0000045269 1.6428086691 3.1395623922  0.0646 % 
  471 0.0000045077 1.6428131769 3.1395666996  0.0645 % 
  472 0.0000044887 1.6428176655 3.1395709887  0.0644 % 
  473 0.0000044697 1.6428221352 3.1395752597  0.0642 % 
  474 0.0000044509 1.6428265861 3.1395795127  0.0641 % 
  475 0.0000044321 1.6428310182 3.1395837478  0.0639 % 
  476 0.0000044135 1.6428354317 3.1395879651  0.0638 % 
  477 0.0000043950 1.6428398268 3.1395921647  0.0637 % 
  478 0.0000043767 1.6428442035 3.1395963468  0.0635 % 
  479 0.0000043584 1.6428485619 3.1396005114  0.0634 % 
  480 0.0000043403 1.6428529021 3.1396046587  0.0633 % 
  481 0.0000043222 1.6428572244 3.1396087887  0.0631 % 
  482 0.0000043043 1.6428615287 3.1396129017  0.0630 % 
  483 0.0000042865 1.6428658153 3.1396169976  0.0629 % 
  484 0.0000042688 1.6428700841 3.1396210766  0.0628 % 
  485 0.0000042512 1.6428743353 3.1396251388  0.0626 % 
  486 0.0000042338 1.6428785691 3.1396291843  0.0625 % 
  487 0.0000042164 1.6428827855 3.1396332131  0.0624 % 
  488 0.0000041991 1.6428869847 3.1396372255  0.0622 % 
  489 0.0000041820 1.6428911666 3.1396412215  0.0621 % 
  490 0.0000041649 1.6428953316 3.1396452012  0.0620 % 
  491 0.0000041480 1.6428994796 3.1396491647  0.0619 % 
  492 0.0000041311 1.6429036107 3.1396531121  0.0617 % 
  493 0.0000041144 1.6429077251 3.1396570435  0.0616 % 
  494 0.0000040978 1.6429118228 3.1396609589  0.0615 % 
  495 0.0000040812 1.6429159041 3.1396648586  0.0614 % 
  496 0.0000040648 1.6429199688 3.1396687426  0.0612 % 
  497 0.0000040484 1.6429240173 3.1396726109  0.0611 % 
  498 0.0000040322 1.6429280495 3.1396764637  0.0610 % 
  499 0.0000040160 1.6429320655 3.1396803011  0.0609 % 
  500 0.0000040000 1.6429360655 3.1396841231  0.0608 % 
  501 0.0000039840 1.6429400496 3.1396879299  0.0606 % 
  502 0.0000039682 1.6429440178 3.1396917216  0.0605 % 
  503 0.0000039524 1.6429479702 3.1396954981  0.0604 % 
  504 0.0000039368 1.6429519069 3.1396992597  0.0603 % 
  505 0.0000039212 1.6429558281 3.1397030065  0.0601 % 
  506 0.0000039057 1.6429597338 3.1397067384  0.0600 % 
  507 0.0000038903 1.6429636241 3.1397104556  0.0599 % 
  508 0.0000038750 1.6429674991 3.1397141581  0.0598 % 
  509 0.0000038598 1.6429713589 3.1397178462  0.0597 % 
  510 0.0000038447 1.6429752036 3.1397215198  0.0596 % 
  511 0.0000038296 1.6429790333 3.1397251790  0.0594 % 
  512 0.0000038147 1.6429828480 3.1397288239  0.0593 % 
  513 0.0000037998 1.6429866478 3.1397324546  0.0592 % 
  514 0.0000037851 1.6429904329 3.1397360713  0.0591 % 
  515 0.0000037704 1.6429942032 3.1397396738  0.0590 % 
  516 0.0000037558 1.6429979590 3.1397432625  0.0589 % 
  517 0.0000037413 1.6430017003 3.1397468372  0.0588 % 
  518 0.0000037268 1.6430054271 3.1397503982  0.0586 % 
  519 0.0000037125 1.6430091396 3.1397539454  0.0585 % 
  520 0.0000036982 1.6430128379 3.1397574790  0.0584 % 
  521 0.0000036840 1.6430165219 3.1397609991  0.0583 % 
  522 0.0000036699 1.6430201918 3.1397645057  0.0582 % 
  523 0.0000036559 1.6430238478 3.1397679988  0.0581 % 
  524 0.0000036420 1.6430274897 3.1397714787  0.0580 % 
  525 0.0000036281 1.6430311179 3.1397749453  0.0579 % 
  526 0.0000036143 1.6430347322 3.1397783987  0.0577 % 
  527 0.0000036006 1.6430383328 3.1397818391  0.0576 % 
  528 0.0000035870 1.6430419198 3.1397852664  0.0575 % 
  529 0.0000035735 1.6430454933 3.1397886807  0.0574 % 
  530 0.0000035600 1.6430490533 3.1397920822  0.0573 % 
  531 0.0000035466 1.6430525999 3.1397954709  0.0572 % 
  532 0.0000035333 1.6430561331 3.1397988469  0.0571 % 
  533 0.0000035200 1.6430596532 3.1398022102  0.0570 % 
  534 0.0000035069 1.6430631600 3.1398055609  0.0569 % 
  535 0.0000034938 1.6430666538 3.1398088990  0.0568 % 
  536 0.0000034807 1.6430701345 3.1398122248  0.0567 % 
  537 0.0000034678 1.6430736023 3.1398155382  0.0566 % 
  538 0.0000034549 1.6430770572 3.1398188392  0.0565 % 
  539 0.0000034421 1.6430804993 3.1398221280  0.0564 % 
  540 0.0000034294 1.6430839286 3.1398254047  0.0563 % 
  541 0.0000034167 1.6430873453 3.1398286692  0.0561 % 
  542 0.0000034041 1.6430907494 3.1398319217  0.0560 % 
  543 0.0000033916 1.6430941410 3.1398351622  0.0559 % 
  544 0.0000033791 1.6430975201 3.1398383908  0.0558 % 
  545 0.0000033667 1.6431008868 3.1398416076  0.0557 % 
  546 0.0000033544 1.6431042412 3.1398448126  0.0556 % 
  547 0.0000033421 1.6431075833 3.1398480059  0.0555 % 
  548 0.0000033300 1.6431109133 3.1398511875  0.0554 % 
  549 0.0000033178 1.6431142311 3.1398543576  0.0553 % 
  550 0.0000033058 1.6431175369 3.1398575161  0.0552 % 
  551 0.0000032938 1.6431208307 3.1398606632  0.0551 % 
  552 0.0000032819 1.6431241126 3.1398637989  0.0550 % 
  553 0.0000032700 1.6431273826 3.1398669232  0.0549 % 
  554 0.0000032582 1.6431306408 3.1398700363  0.0548 % 
  555 0.0000032465 1.6431338873 3.1398731382  0.0547 % 
  556 0.0000032348 1.6431371221 3.1398762289  0.0546 % 
  557 0.0000032232 1.6431403454 3.1398793085  0.0545 % 
  558 0.0000032117 1.6431435570 3.1398823771  0.0544 % 
  559 0.0000032002 1.6431467572 3.1398854347  0.0543 % 
  560 0.0000031888 1.6431499460 3.1398884815  0.0542 % 
  561 0.0000031774 1.6431531234 3.1398915173  0.0541 % 
  562 0.0000031661 1.6431562895 3.1398945424  0.0541 % 
  563 0.0000031549 1.6431594444 3.1398975567  0.0540 % 
  564 0.0000031437 1.6431625881 3.1399005603  0.0539 % 
  565 0.0000031326 1.6431657207 3.1399035533  0.0538 % 
  566 0.0000031215 1.6431688422 3.1399065358  0.0537 % 
  567 0.0000031105 1.6431719528 3.1399095077  0.0536 % 
  568 0.0000030996 1.6431750524 3.1399124692  0.0535 % 
  569 0.0000030887 1.6431781410 3.1399154202  0.0534 % 
  570 0.0000030779 1.6431812189 3.1399183610  0.0533 % 
  571 0.0000030671 1.6431842860 3.1399212914  0.0532 % 
  572 0.0000030564 1.6431873424 3.1399242116  0.0531 % 
  573 0.0000030457 1.6431903881 3.1399271216  0.0530 % 
  574 0.0000030351 1.6431934232 3.1399300214  0.0529 % 
  575 0.0000030246 1.6431964478 3.1399329112  0.0528 % 
  576 0.0000030141 1.6431994619 3.1399357910  0.0527 % 
  577 0.0000030036 1.6432024655 3.1399386608  0.0526 % 
  578 0.0000029933 1.6432054588 3.1399415206  0.0526 % 
  579 0.0000029829 1.6432084417 3.1399443706  0.0525 % 
  580 0.0000029727 1.6432114144 3.1399472108  0.0524 % 
  581 0.0000029624 1.6432143768 3.1399500411  0.0523 % 
  582 0.0000029523 1.6432173291 3.1399528618  0.0522 % 
  583 0.0000029421 1.6432202712 3.1399556728  0.0521 % 
  584 0.0000029321 1.6432232033 3.1399584742  0.0520 % 
  585 0.0000029221 1.6432261253 3.1399612660  0.0519 % 
  586 0.0000029121 1.6432290374 3.1399640483  0.0518 % 
  587 0.0000029022 1.6432319396 3.1399668211  0.0518 % 
  588 0.0000028923 1.6432348319 3.1399695845  0.0517 % 
  589 0.0000028825 1.6432377144 3.1399723385  0.0516 % 
  590 0.0000028727 1.6432405872 3.1399750832  0.0515 % 
  591 0.0000028630 1.6432434502 3.1399778186  0.0514 % 
  592 0.0000028534 1.6432463035 3.1399805447  0.0513 % 
  593 0.0000028437 1.6432491473 3.1399832617  0.0512 % 
  594 0.0000028342 1.6432519815 3.1399859695  0.0511 % 
  595 0.0000028247 1.6432548061 3.1399886682  0.0511 % 
  596 0.0000028152 1.6432576213 3.1399913579  0.0510 % 
  597 0.0000028058 1.6432604271 3.1399940386  0.0509 % 
  598 0.0000027964 1.6432632235 3.1399967103  0.0508 % 
  599 0.0000027871 1.6432660105 3.1399993731  0.0507 % 
  600 0.0000027778 1.6432687883 3.1400020270  0.0506 % 
  601 0.0000027685 1.6432715568 3.1400046721  0.0505 % 
  602 0.0000027594 1.6432743162 3.1400073085  0.0505 % 
  603 0.0000027502 1.6432770664 3.1400099360  0.0504 % 
  604 0.0000027411 1.6432798075 3.1400125549  0.0503 % 
  605 0.0000027321 1.6432825396 3.1400151651  0.0502 % 
  606 0.0000027230 1.6432852626 3.1400177668  0.0501 % 
  607 0.0000027141 1.6432879767 3.1400203598  0.0500 % 
  608 0.0000027052 1.6432906818 3.1400229444  0.0500 % 
  609 0.0000026963 1.6432933781 3.1400255204  0.0499 % 
  610 0.0000026874 1.6432960656 3.1400280880  0.0498 % 
  611 0.0000026787 1.6432987442 3.1400306472  0.0497 % 
  612 0.0000026699 1.6433014141 3.1400331981  0.0496 % 
  613 0.0000026612 1.6433040754 3.1400357406  0.0496 % 
  614 0.0000026525 1.6433067279 3.1400382748  0.0495 % 
  615 0.0000026439 1.6433093718 3.1400408009  0.0494 % 
  616 0.0000026354 1.6433120072 3.1400433187  0.0493 % 
  617 0.0000026268 1.6433146340 3.1400458283  0.0492 % 
  618 0.0000026183 1.6433172523 3.1400483299  0.0492 % 
  619 0.0000026099 1.6433198622 3.1400508233  0.0491 % 
  620 0.0000026015 1.6433224637 3.1400533088  0.0490 % 
  621 0.0000025931 1.6433250567 3.1400557862  0.0489 % 
  622 0.0000025848 1.6433276415 3.1400582557  0.0488 % 
  623 0.0000025765 1.6433302180 3.1400607172  0.0488 % 
  624 0.0000025682 1.6433327862 3.1400631709  0.0487 % 
  625 0.0000025600 1.6433353462 3.1400656167  0.0486 % 
  626 0.0000025518 1.6433378980 3.1400680547  0.0485 % 
  627 0.0000025437 1.6433404417 3.1400704849  0.0485 % 
  628 0.0000025356 1.6433429773 3.1400729074  0.0484 % 
  629 0.0000025275 1.6433455048 3.1400753222  0.0483 % 
  630 0.0000025195 1.6433480244 3.1400777293  0.0482 % 
  631 0.0000025115 1.6433505359 3.1400801288  0.0481 % 
  632 0.0000025036 1.6433530395 3.1400825207  0.0481 % 
  633 0.0000024957 1.6433555352 3.1400849051  0.0480 % 
  634 0.0000024878 1.6433580230 3.1400872820  0.0479 % 
  635 0.0000024800 1.6433605031 3.1400896513  0.0478 % 
  636 0.0000024722 1.6433629753 3.1400920132  0.0478 % 
  637 0.0000024645 1.6433654397 3.1400943677  0.0477 % 
  638 0.0000024567 1.6433678965 3.1400967149  0.0476 % 
  639 0.0000024491 1.6433703455 3.1400990547  0.0475 % 
  640 0.0000024414 1.6433727869 3.1401013871  0.0475 % 
  641 0.0000024338 1.6433752207 3.1401037123  0.0474 % 
  642 0.0000024262 1.6433776469 3.1401060303  0.0473 % 
  643 0.0000024187 1.6433800656 3.1401083411  0.0472 % 
  644 0.0000024112 1.6433824768 3.1401106447  0.0472 % 
  645 0.0000024037 1.6433848805 3.1401129411  0.0471 % 
  646 0.0000023963 1.6433872767 3.1401152304  0.0470 % 
  647 0.0000023889 1.6433896656 3.1401175127  0.0470 % 
  648 0.0000023815 1.6433920471 3.1401197879  0.0469 % 
  649 0.0000023742 1.6433944213 3.1401220562  0.0468 % 
  650 0.0000023669 1.6433967881 3.1401243174  0.0467 % 
  651 0.0000023596 1.6433991477 3.1401265717  0.0467 % 
  652 0.0000023524 1.6434015001 3.1401288191  0.0466 % 
  653 0.0000023452 1.6434038453 3.1401310596  0.0465 % 
  654 0.0000023380 1.6434061833 3.1401332933  0.0465 % 
  655 0.0000023309 1.6434085141 3.1401355201  0.0464 % 
  656 0.0000023238 1.6434108379 3.1401377402  0.0463 % 
  657 0.0000023167 1.6434131546 3.1401399535  0.0462 % 
  658 0.0000023097 1.6434154643 3.1401421601  0.0462 % 
  659 0.0000023027 1.6434177669 3.1401443600  0.0461 % 
  660 0.0000022957 1.6434200626 3.1401465532  0.0460 % 
  661 0.0000022887 1.6434223513 3.1401487398  0.0460 % 
  662 0.0000022818 1.6434246332 3.1401509198  0.0459 % 
  663 0.0000022750 1.6434269081 3.1401530932  0.0458 % 
  664 0.0000022681 1.6434291762 3.1401552601  0.0458 % 
  665 0.0000022613 1.6434314375 3.1401574204  0.0457 % 
  666 0.0000022545 1.6434336920 3.1401595743  0.0456 % 
  667 0.0000022478 1.6434359398 3.1401617217  0.0455 % 
  668 0.0000022410 1.6434381808 3.1401638627  0.0455 % 
  669 0.0000022343 1.6434404151 3.1401659973  0.0454 % 
  670 0.0000022277 1.6434426428 3.1401681256  0.0453 % 
  671 0.0000022210 1.6434448638 3.1401702475  0.0453 % 
  672 0.0000022144 1.6434470783 3.1401723630  0.0452 % 
  673 0.0000022079 1.6434492861 3.1401744723  0.0451 % 
  674 0.0000022013 1.6434514874 3.1401765754  0.0451 % 
  675 0.0000021948 1.6434536822 3.1401786722  0.0450 % 
  676 0.0000021883 1.6434558705 3.1401807628  0.0449 % 
  677 0.0000021818 1.6434580524 3.1401828472  0.0449 % 
  678 0.0000021754 1.6434602278 3.1401849255  0.0448 % 
  679 0.0000021690 1.6434623968 3.1401869977  0.0447 % 
  680 0.0000021626 1.6434645594 3.1401890638  0.0447 % 
  681 0.0000021563 1.6434667157 3.1401911238  0.0446 % 
  682 0.0000021500 1.6434688656 3.1401931778  0.0445 % 
  683 0.0000021437 1.6434710093 3.1401952258  0.0445 % 
  684 0.0000021374 1.6434731467 3.1401972677  0.0444 % 
  685 0.0000021312 1.6434752779 3.1401993038  0.0444 % 
  686 0.0000021250 1.6434774029 3.1402013339  0.0443 % 
  687 0.0000021188 1.6434795217 3.1402033580  0.0442 % 
  688 0.0000021126 1.6434816343 3.1402053764  0.0442 % 
  689 0.0000021065 1.6434837408 3.1402073888  0.0441 % 
  690 0.0000021004 1.6434858412 3.1402093954  0.0440 % 
  691 0.0000020943 1.6434879355 3.1402113962  0.0440 % 
  692 0.0000020883 1.6434900238 3.1402133913  0.0439 % 
  693 0.0000020823 1.6434921060 3.1402153805  0.0438 % 
  694 0.0000020763 1.6434941823 3.1402173641  0.0438 % 
  695 0.0000020703 1.6434962526 3.1402193419  0.0437 % 
  696 0.0000020643 1.6434983169 3.1402213141  0.0437 % 
  697 0.0000020584 1.6435003753 3.1402232806  0.0436 % 
  698 0.0000020525 1.6435024279 3.1402252415  0.0435 % 
  699 0.0000020467 1.6435044745 3.1402271967  0.0435 % 
  700 0.0000020408 1.6435065153 3.1402291464  0.0434 % 
  701 0.0000020350 1.6435085503 3.1402310905  0.0433 % 
  702 0.0000020292 1.6435105795 3.1402330291  0.0433 % 
  703 0.0000020234 1.6435126030 3.1402349622  0.0432 % 
  704 0.0000020177 1.6435146207 3.1402368898  0.0432 % 
  705 0.0000020120 1.6435166326 3.1402388119  0.0431 % 
  706 0.0000020063 1.6435186389 3.1402407286  0.0430 % 
  707 0.0000020006 1.6435206395 3.1402426398  0.0430 % 
  708 0.0000019950 1.6435226345 3.1402445457  0.0429 % 
  709 0.0000019893 1.6435246238 3.1402464462  0.0429 % 
  710 0.0000019837 1.6435266075 3.1402483413  0.0428 % 
  711 0.0000019782 1.6435285857 3.1402502311  0.0427 % 
  712 0.0000019726 1.6435305583 3.1402521156  0.0427 % 
  713 0.0000019671 1.6435325254 3.1402539949  0.0426 % 
  714 0.0000019616 1.6435344870 3.1402558688  0.0426 % 
  715 0.0000019561 1.6435364430 3.1402577375  0.0425 % 
  716 0.0000019506 1.6435383937 3.1402596010  0.0424 % 
  717 0.0000019452 1.6435403389 3.1402614594  0.0424 % 
  718 0.0000019398 1.6435422786 3.1402633125  0.0423 % 
  719 0.0000019344 1.6435442130 3.1402651605  0.0423 % 
  720 0.0000019290 1.6435461420 3.1402670033  0.0422 % 
  721 0.0000019237 1.6435480657 3.1402688411  0.0421 % 
  722 0.0000019183 1.6435499840 3.1402706737  0.0421 % 
  723 0.0000019130 1.6435518971 3.1402725013  0.0420 % 
  724 0.0000019078 1.6435538048 3.1402743238  0.0420 % 
  725 0.0000019025 1.6435557073 3.1402761413  0.0419 % 
  726 0.0000018973 1.6435576046 3.1402779539  0.0418 % 
  727 0.0000018920 1.6435594966 3.1402797614  0.0418 % 
  728 0.0000018868 1.6435613835 3.1402815639  0.0417 % 
  729 0.0000018817 1.6435632651 3.1402833616  0.0417 % 
  730 0.0000018765 1.6435651417 3.1402851543  0.0416 % 
  731 0.0000018714 1.6435670131 3.1402869420  0.0416 % 
  732 0.0000018663 1.6435688793 3.1402887250  0.0415 % 
  733 0.0000018612 1.6435707405 3.1402905030  0.0414 % 
  734 0.0000018561 1.6435725967 3.1402922762  0.0414 % 
  735 0.0000018511 1.6435744478 3.1402940446  0.0413 % 
  736 0.0000018461 1.6435762938 3.1402958082  0.0413 % 
  737 0.0000018410 1.6435781349 3.1402975670  0.0412 % 
  738 0.0000018361 1.6435799709 3.1402993210  0.0412 % 
  739 0.0000018311 1.6435818020 3.1403010703  0.0411 % 
  740 0.0000018262 1.6435836282 3.1403028149  0.0411 % 
  741 0.0000018212 1.6435854494 3.1403045547  0.0410 % 
  742 0.0000018163 1.6435872657 3.1403062899  0.0409 % 
  743 0.0000018114 1.6435890771 3.1403080204  0.0409 % 
  744 0.0000018066 1.6435908837 3.1403097462  0.0408 % 
  745 0.0000018017 1.6435926854 3.1403114674  0.0408 % 
  746 0.0000017969 1.6435944823 3.1403131841  0.0407 % 
  747 0.0000017921 1.6435962744 3.1403148961  0.0407 % 
  748 0.0000017873 1.6435980617 3.1403166035  0.0406 % 
  749 0.0000017825 1.6435998442 3.1403183064  0.0406 % 
  750 0.0000017778 1.6436016220 3.1403200047  0.0405 % 
  751 0.0000017730 1.6436033951 3.1403216985  0.0405 % 
  752 0.0000017683 1.6436051634 3.1403233879  0.0404 % 
  753 0.0000017636 1.6436069270 3.1403250727  0.0403 % 
  754 0.0000017590 1.6436086860 3.1403267531  0.0403 % 
  755 0.0000017543 1.6436104403 3.1403284290  0.0402 % 
  756 0.0000017497 1.6436121900 3.1403301005  0.0402 % 
  757 0.0000017451 1.6436139350 3.1403317675  0.0401 % 
  758 0.0000017405 1.6436156755 3.1403334302  0.0401 % 
  759 0.0000017359 1.6436174113 3.1403350885  0.0400 % 
  760 0.0000017313 1.6436191426 3.1403367424  0.0400 % 
  761 0.0000017268 1.6436208694 3.1403383920  0.0399 % 
  762 0.0000017222 1.6436225916 3.1403400373  0.0399 % 
  763 0.0000017177 1.6436243093 3.1403416782  0.0398 % 
  764 0.0000017132 1.6436260226 3.1403433149  0.0398 % 
  765 0.0000017087 1.6436277313 3.1403449473  0.0397 % 
  766 0.0000017043 1.6436294356 3.1403465754  0.0397 % 
  767 0.0000016998 1.6436311354 3.1403481993  0.0396 % 
  768 0.0000016954 1.6436328309 3.1403498189  0.0396 % 
  769 0.0000016910 1.6436345219 3.1403514344  0.0395 % 
  770 0.0000016866 1.6436362085 3.1403530456  0.0395 % 
  771 0.0000016823 1.6436378907 3.1403546527  0.0394 % 
  772 0.0000016779 1.6436395686 3.1403562556  0.0394 % 
  773 0.0000016736 1.6436412422 3.1403578543  0.0393 % 
  774 0.0000016692 1.6436429114 3.1403594490  0.0393 % 
  775 0.0000016649 1.6436445764 3.1403610395  0.0392 % 
  776 0.0000016606 1.6436462370 3.1403626259  0.0392 % 
  777 0.0000016564 1.6436478934 3.1403642082  0.0391 % 
  778 0.0000016521 1.6436495455 3.1403657865  0.0391 % 
  779 0.0000016479 1.6436511934 3.1403673607  0.0390 % 
  780 0.0000016437 1.6436528370 3.1403689309  0.0390 % 
  781 0.0000016394 1.6436544765 3.1403704971  0.0389 % 
  782 0.0000016353 1.6436561118 3.1403720592  0.0389 % 
  783 0.0000016311 1.6436577428 3.1403736174  0.0388 % 
  784 0.0000016269 1.6436593698 3.1403751716  0.0388 % 
  785 0.0000016228 1.6436609925 3.1403767219  0.0387 % 
  786 0.0000016187 1.6436626112 3.1403782682  0.0387 % 
  787 0.0000016145 1.6436642257 3.1403798105  0.0386 % 
  788 0.0000016105 1.6436658362 3.1403813490  0.0386 % 
  789 0.0000016064 1.6436674426 3.1403828836  0.0385 % 
  790 0.0000016023 1.6436690449 3.1403844143  0.0385 % 
  791 0.0000015983 1.6436706431 3.1403859411  0.0384 % 
  792 0.0000015942 1.6436722374 3.1403874640  0.0384 % 
  793 0.0000015902 1.6436738276 3.1403889831  0.0383 % 
  794 0.0000015862 1.6436754138 3.1403904984  0.0383 % 
  795 0.0000015822 1.6436769960 3.1403920099  0.0382 % 
  796 0.0000015782 1.6436785742 3.1403935176  0.0382 % 
  797 0.0000015743 1.6436801485 3.1403950215  0.0381 % 
  798 0.0000015703 1.6436817189 3.1403965216  0.0381 % 
  799 0.0000015664 1.6436832853 3.1403980180  0.0380 % 
  800 0.0000015625 1.6436848478 3.1403995107  0.0380 % 
  801 0.0000015586 1.6436864064 3.1404009996  0.0379 % 
  802 0.0000015547 1.6436879611 3.1404024848  0.0379 % 
  803 0.0000015508 1.6436895119 3.1404039663  0.0378 % 
  804 0.0000015470 1.6436910589 3.1404054441  0.0378 % 
  805 0.0000015432 1.6436926021 3.1404069183  0.0377 % 
  806 0.0000015393 1.6436941414 3.1404083888  0.0377 % 
  807 0.0000015355 1.6436956769 3.1404098557  0.0376 % 
  808 0.0000015317 1.6436972086 3.1404113189  0.0376 % 
  809 0.0000015279 1.6436987366 3.1404127785  0.0376 % 
  810 0.0000015242 1.6437002607 3.1404142345  0.0375 % 
  811 0.0000015204 1.6437017811 3.1404156869  0.0375 % 
  812 0.0000015167 1.6437032978 3.1404171358  0.0374 % 
  813 0.0000015129 1.6437048107 3.1404185811  0.0374 % 
  814 0.0000015092 1.6437063199 3.1404200228  0.0373 % 
  815 0.0000015055 1.6437078254 3.1404214610  0.0373 % 
  816 0.0000015018 1.6437093273 3.1404228957  0.0372 % 
  817 0.0000014982 1.6437108254 3.1404243268  0.0372 % 
  818 0.0000014945 1.6437123199 3.1404257545  0.0371 % 
  819 0.0000014908 1.6437138107 3.1404271787  0.0371 % 
  820 0.0000014872 1.6437152980 3.1404285994  0.0371 % 
  821 0.0000014836 1.6437167815 3.1404300166  0.0370 % 
  822 0.0000014800 1.6437182615 3.1404314304  0.0370 % 
  823 0.0000014764 1.6437197379 3.1404328408  0.0369 % 
  824 0.0000014728 1.6437212107 3.1404342477  0.0369 % 
  825 0.0000014692 1.6437226800 3.1404356513  0.0368 % 
  826 0.0000014657 1.6437241456 3.1404370514  0.0368 % 
  827 0.0000014621 1.6437256078 3.1404384482  0.0367 % 
  828 0.0000014586 1.6437270664 3.1404398415  0.0367 % 
  829 0.0000014551 1.6437285215 3.1404412316  0.0367 % 
  830 0.0000014516 1.6437299731 3.1404426182  0.0366 % 
  831 0.0000014481 1.6437314212 3.1404440016  0.0366 % 
  832 0.0000014446 1.6437328658 3.1404453816  0.0365 % 
  833 0.0000014412 1.6437343069 3.1404467583  0.0365 % 
  834 0.0000014377 1.6437357446 3.1404481317  0.0364 % 
  835 0.0000014343 1.6437371789 3.1404495018  0.0364 % 
  836 0.0000014308 1.6437386097 3.1404508686  0.0363 % 
  837 0.0000014274 1.6437400371 3.1404522322  0.0363 % 
  838 0.0000014240 1.6437414611 3.1404535925  0.0363 % 
  839 0.0000014206 1.6437428818 3.1404549496  0.0362 % 
  840 0.0000014172 1.6437442990 3.1404563035  0.0362 % 
  841 0.0000014139 1.6437457129 3.1404576541  0.0361 % 
  842 0.0000014105 1.6437471234 3.1404590015  0.0361 % 
  843 0.0000014072 1.6437485305 3.1404603457  0.0360 % 
  844 0.0000014038 1.6437499344 3.1404616868  0.0360 % 
  845 0.0000014005 1.6437513349 3.1404630247  0.0360 % 
  846 0.0000013972 1.6437527321 3.1404643594  0.0359 % 
  847 0.0000013939 1.6437541260 3.1404656909  0.0359 % 
  848 0.0000013906 1.6437555166 3.1404670193  0.0358 % 
  849 0.0000013873 1.6437569039 3.1404683446  0.0358 % 
  850 0.0000013841 1.6437582880 3.1404696668  0.0357 % 
  851 0.0000013808 1.6437596689 3.1404709859  0.0357 % 
  852 0.0000013776 1.6437610465 3.1404723019  0.0357 % 
  853 0.0000013744 1.6437624208 3.1404736147  0.0356 % 
  854 0.0000013711 1.6437637920 3.1404749246  0.0356 % 
  855 0.0000013679 1.6437651599 3.1404762313  0.0355 % 
  856 0.0000013647 1.6437665247 3.1404775350  0.0355 % 
  857 0.0000013616 1.6437678862 3.1404788357  0.0355 % 
  858 0.0000013584 1.6437692446 3.1404801333  0.0354 % 
  859 0.0000013552 1.6437705998 3.1404814279  0.0354 % 
  860 0.0000013521 1.6437719519 3.1404827195  0.0353 % 
  861 0.0000013489 1.6437733009 3.1404840081  0.0353 % 
  862 0.0000013458 1.6437746467 3.1404852937  0.0352 % 
  863 0.0000013427 1.6437759894 3.1404865764  0.0352 % 
  864 0.0000013396 1.6437773290 3.1404878560  0.0352 % 
  865 0.0000013365 1.6437786655 3.1404891327  0.0351 % 
  866 0.0000013334 1.6437799989 3.1404904065  0.0351 % 
  867 0.0000013303 1.6437813292 3.1404916773  0.0350 % 
  868 0.0000013273 1.6437826565 3.1404929452  0.0350 % 
  869 0.0000013242 1.6437839807 3.1404942102  0.0350 % 
  870 0.0000013212 1.6437853019 3.1404954723  0.0349 % 
  871 0.0000013181 1.6437866200 3.1404967315  0.0349 % 
  872 0.0000013151 1.6437879352 3.1404979877  0.0348 % 
  873 0.0000013121 1.6437892473 3.1404992412  0.0348 % 
  874 0.0000013091 1.6437905564 3.1405004917  0.0348 % 
  875 0.0000013061 1.6437918625 3.1405017394  0.0347 % 
  876 0.0000013031 1.6437931657 3.1405029842  0.0347 % 
  877 0.0000013002 1.6437944658 3.1405042262  0.0346 % 
  878 0.0000012972 1.6437957630 3.1405054654  0.0346 % 
  879 0.0000012943 1.6437970573 3.1405067018  0.0346 % 
  880 0.0000012913 1.6437983486 3.1405079353  0.0345 % 
  881 0.0000012884 1.6437996370 3.1405091661  0.0345 % 
  882 0.0000012855 1.6438009225 3.1405103940  0.0344 % 
  883 0.0000012826 1.6438022051 3.1405116192  0.0344 % 
  884 0.0000012797 1.6438034847 3.1405128416  0.0344 % 
  885 0.0000012768 1.6438047615 3.1405140613  0.0343 % 
  886 0.0000012739 1.6438060354 3.1405152782  0.0343 % 
  887 0.0000012710 1.6438073064 3.1405164923  0.0343 % 
  888 0.0000012682 1.6438085746 3.1405177037  0.0342 % 
  889 0.0000012653 1.6438098399 3.1405189124  0.0342 % 
  890 0.0000012625 1.6438111023 3.1405201184  0.0341 % 
  891 0.0000012596 1.6438123620 3.1405213217  0.0341 % 
  892 0.0000012568 1.6438136188 3.1405225222  0.0341 % 
  893 0.0000012540 1.6438148728 3.1405237201  0.0340 % 
  894 0.0000012512 1.6438161240 3.1405249153  0.0340 % 
  895 0.0000012484 1.6438173724 3.1405261079  0.0339 % 
  896 0.0000012456 1.6438186180 3.1405272978  0.0339 % 
  897 0.0000012428 1.6438198608 3.1405284850  0.0339 % 
  898 0.0000012401 1.6438211009 3.1405296696  0.0338 % 
  899 0.0000012373 1.6438223382 3.1405308515  0.0338 % 
  900 0.0000012346 1.6438235728 3.1405320308  0.0338 % 
  901 0.0000012318 1.6438248046 3.1405332076  0.0337 % 
  902 0.0000012291 1.6438260337 3.1405343816  0.0337 % 
  903 0.0000012264 1.6438272601 3.1405355531  0.0336 % 
  904 0.0000012237 1.6438284838 3.1405367221  0.0336 % 
  905 0.0000012210 1.6438297047 3.1405378884  0.0336 % 
  906 0.0000012183 1.6438309230 3.1405390521  0.0335 % 
  907 0.0000012156 1.6438321386 3.1405402133  0.0335 % 
  908 0.0000012129 1.6438333515 3.1405413720  0.0335 % 
  909 0.0000012102 1.6438345617 3.1405425280  0.0334 % 
  910 0.0000012076 1.6438357693 3.1405436816  0.0334 % 
  911 0.0000012049 1.6438369743 3.1405448326  0.0334 % 
  912 0.0000012023 1.6438381765 3.1405459811  0.0333 % 
  913 0.0000011997 1.6438393762 3.1405471271  0.0333 % 
  914 0.0000011970 1.6438405732 3.1405482705  0.0332 % 
  915 0.0000011944 1.6438417677 3.1405494115  0.0332 % 
  916 0.0000011918 1.6438429595 3.1405505500  0.0332 % 
  917 0.0000011892 1.6438441487 3.1405516860  0.0331 % 
  918 0.0000011866 1.6438453353 3.1405528195  0.0331 % 
  919 0.0000011840 1.6438465194 3.1405539505  0.0331 % 
  920 0.0000011815 1.6438477008 3.1405550791  0.0330 % 
  921 0.0000011789 1.6438488798 3.1405562053  0.0330 % 
  922 0.0000011764 1.6438500561 3.1405573290  0.0330 % 
  923 0.0000011738 1.6438512299 3.1405584503  0.0329 % 
  924 0.0000011713 1.6438524012 3.1405595691  0.0329 % 
  925 0.0000011687 1.6438535699 3.1405606855  0.0328 % 
  926 0.0000011662 1.6438547361 3.1405617996  0.0328 % 
  927 0.0000011637 1.6438558998 3.1405629112  0.0328 % 
  928 0.0000011612 1.6438570610 3.1405640204  0.0327 % 
  929 0.0000011587 1.6438582197 3.1405651272  0.0327 % 
  930 0.0000011562 1.6438593759 3.1405662317  0.0327 % 
  931 0.0000011537 1.6438605296 3.1405673338  0.0326 % 
  932 0.0000011512 1.6438616809 3.1405684335  0.0326 % 
  933 0.0000011488 1.6438628297 3.1405695308  0.0326 % 
  934 0.0000011463 1.6438639760 3.1405706259  0.0325 % 
  935 0.0000011439 1.6438651199 3.1405717185  0.0325 % 
  936 0.0000011414 1.6438662613 3.1405728089  0.0325 % 
  937 0.0000011390 1.6438674003 3.1405738969  0.0324 % 
  938 0.0000011366 1.6438685368 3.1405749826  0.0324 % 
  939 0.0000011341 1.6438696710 3.1405760659  0.0324 % 
  940 0.0000011317 1.6438708027 3.1405771470  0.0323 % 
  941 0.0000011293 1.6438719321 3.1405782258  0.0323 % 
  942 0.0000011269 1.6438730590 3.1405793023  0.0323 % 
  943 0.0000011245 1.6438741835 3.1405803765  0.0322 % 
  944 0.0000011222 1.6438753057 3.1405814484  0.0322 % 
  945 0.0000011198 1.6438764255 3.1405825181  0.0322 % 
  946 0.0000011174 1.6438775429 3.1405835855  0.0321 % 
  947 0.0000011151 1.6438786580 3.1405846506  0.0321 % 
  948 0.0000011127 1.6438797707 3.1405857135  0.0321 % 
  949 0.0000011104 1.6438808811 3.1405867742  0.0320 % 
  950 0.0000011080 1.6438819891 3.1405878326  0.0320 % 
  951 0.0000011057 1.6438830948 3.1405888889  0.0320 % 
  952 0.0000011034 1.6438841982 3.1405899428  0.0319 % 
  953 0.0000011011 1.6438852992 3.1405909946  0.0319 % 
  954 0.0000010988 1.6438863980 3.1405920442  0.0319 % 
  955 0.0000010965 1.6438874945 3.1405930916  0.0318 % 
  956 0.0000010942 1.6438885886 3.1405941368  0.0318 % 
  957 0.0000010919 1.6438896805 3.1405951798  0.0318 % 
  958 0.0000010896 1.6438907701 3.1405962206  0.0317 % 
  959 0.0000010873 1.6438918575 3.1405972592  0.0317 % 
  960 0.0000010851 1.6438929425 3.1405982957  0.0317 % 
  961 0.0000010828 1.6438940253 3.1405993301  0.0316 % 
  962 0.0000010806 1.6438951059 3.1406003623  0.0316 % 
  963 0.0000010783 1.6438961842 3.1406013923  0.0316 % 
  964 0.0000010761 1.6438972603 3.1406024202  0.0315 % 
  965 0.0000010739 1.6438983342 3.1406034460  0.0315 % 
  966 0.0000010716 1.6438994058 3.1406044696  0.0315 % 
  967 0.0000010694 1.6439004752 3.1406054912  0.0314 % 
  968 0.0000010672 1.6439015424 3.1406065106  0.0314 % 
  969 0.0000010650 1.6439026074 3.1406075279  0.0314 % 
  970 0.0000010628 1.6439036702 3.1406085432  0.0313 % 
  971 0.0000010606 1.6439047309 3.1406095563  0.0313 % 
  972 0.0000010584 1.6439057893 3.1406105674  0.0313 % 
  973 0.0000010563 1.6439068456 3.1406115763  0.0312 % 
  974 0.0000010541 1.6439078997 3.1406125832  0.0312 % 
  975 0.0000010519 1.6439089516 3.1406135881  0.0312 % 
  976 0.0000010498 1.6439100014 3.1406145909  0.0311 % 
  977 0.0000010476 1.6439110490 3.1406155916  0.0311 % 
  978 0.0000010455 1.6439120945 3.1406165903  0.0311 % 
  979 0.0000010434 1.6439131379 3.1406175869  0.0310 % 
  980 0.0000010412 1.6439141791 3.1406185815  0.0310 % 
  981 0.0000010391 1.6439152182 3.1406195741  0.0310 % 
  982 0.0000010370 1.6439162552 3.1406205647  0.0309 % 
  983 0.0000010349 1.6439172901 3.1406215532  0.0309 % 
  984 0.0000010328 1.6439183229 3.1406225398  0.0309 % 
  985 0.0000010307 1.6439193536 3.1406235243  0.0308 % 
  986 0.0000010286 1.6439203822 3.1406245069  0.0308 % 
  987 0.0000010265 1.6439214087 3.1406254874  0.0308 % 
  988 0.0000010244 1.6439224331 3.1406264660  0.0308 % 
  989 0.0000010224 1.6439234555 3.1406274426  0.0307 % 
  990 0.0000010203 1.6439244758 3.1406284172  0.0307 % 
  991 0.0000010182 1.6439254941 3.1406293898  0.0307 % 
  992 0.0000010162 1.6439265103 3.1406303605  0.0306 % 
  993 0.0000010141 1.6439275244 3.1406313293  0.0306 % 
  994 0.0000010121 1.6439285365 3.1406322961  0.0306 % 
  995 0.0000010101 1.6439295466 3.1406332609  0.0305 % 
  996 0.0000010080 1.6439305546 3.1406342238  0.0305 % 
  997 0.0000010060 1.6439315607 3.1406351848  0.0305 % 
  998 0.0000010040 1.6439325647 3.1406361439  0.0304 % 
  999 0.0000010020 1.6439335667 3.1406371010  0.0304 % 
